3239
1997
5203
7945
6917
4895
4187
9495
1911
6783
1257
3233
3881
9907
7139
6893
3545
6539
7339
7317
9549
1841
2449
4437
8181
2525
8145
3765
8407
8979
6007
7451
7293
1123
9927
8257
8729
1563
5629
5727
3455
9945
7219
4479
4909
7079
7097
5255
3201
4181
5737
2525
4119
7225
4557
2397
9549
1765
9763
5393
6751
1421
2087
2933
1775
3807
5939
3759
9981
8883
8165
2983
1909
2611
4861
9603
4621
7969
9529
2103
5429
3889
1565
5225
4241
4481
4331
1069
6567
8529
8709
7963
1799
1237
8977
3033
8857
5287
3705
2101
2141
4337
5275
4319
6017
3755
1617
2509
3365
4953
7777
2579
2237
8661
9963
3863
9857
6861
8691
7293
9475
5871
7193
2451
1175
1201
2183
1671
3635
2827
1747
9333
5265
8427
9963
2091
8613
7247
9209
1487
3865
2823
7703
2613
1753
7129
6727
3139
1273
6113
3177
2995
6595
6411
2627
6269
7145
3823
4145
5815
2571
9945
8873
1537
4205
8443
7315
3809
8697
8873
5249
3611
7651
8203
4427
7653
8167
5579
1699
4045
4475
9043
1399
7521
9651
8753
3739
8853
6801
4693
4945
5791
4103
4395
8915
3921
3949
7167
8409
3309
9813
3917
4443
2401
1865
9565
5343
8393
2983
4973
8103
2567
3123
1099
2339
3529
9547
2353
1887
5453
5705
8461
7009
5005
4927
9459
9509
4257
9287
1507
4703
1999
7169
8391
4233
1559
5601
8997
6657
1085
4409
5347
6871
2827
6589
3377
3667
4003
3057
6387
4375
2597
6279
3955
7605
2351
6907
9439
7473
2405
1057
2087
9105
2475
1269
7103
5397
4733
6865
1781
7929
1549
5695
1801
2045
1359
2591
5181
8415
2551
6793
6505
2199
3901
7133
3107
5721
4215
1785
2881
4651
6163
2525
5253
1029
3321
6241
5395
2557
9485
7981
8933
7139
2277
8459
3825
6901
5479
2911
7245
9761
2727
2023
5923
5611
4551
9889
6203
5343
8163
2383
2183
3949
4983
7131
2767
9025
1443
1773
8723
5117
7195
3623
8929
4569
7861
9367
9923
5443
4307
6207
1243
2303
4541
3121
2923
5139
6603
9641
6479
3433
1039
1053
4395
8103
6797
5985
3155
5147
6691
4801
6457
4705
4189
3129
3565
9103
3095
2353
7751
5185
9965
1761
2035
2957
2141
9879
9407
2861
5207
7627
3421
1803
5293
6289
5079
7143
9229
1827
7773
2877
7211
5777
8751
9507
9749
6537
8115
2411
9555
3821
3045
5249
2891
2295
3469
9277
9017
2439
6961
6919
6577
1293
9939
9065
2379
5655
9413
7899
8049
6423
9875
2267
4581
5873
7973
5189
3011
2529
3207
5605
2765
7997
3307
2385
5583
8171
8913
3999
3821
5801
8125
7789
4865
1855
6301
6917
5837
9687
8127
5093
7125
1217
4361
4133
3945
1777
1669
7017
4321
8279
7267
7489
9231
2357
5153
8579
7987
8555
4481
4209
6743
6413
5077
3247
8297
3085
7403
3725
9573
2057
9351
3325
4401
8115
8481
2547
4635
9173
8439
4805
7501
2895
9679
5543
8535
1635
8559
3509
6701
7721
8929
7283
6205
4919
8351
1711
6139
2113
5835
1859
4375
7943
7443
3263
8927
4941
4087
2117
3877
3607
4945
8815
1115
9675
6707
4847
6733
9535
4713
7661
4527
4895
7025
2853
3129
3069
7121
9483
9765
7769
6409
3521
4337
7581
1431
9559
5453
7415
6615
4593
7547
7441
9631
4095
3775
1115
7169
6529
8213
4503
4977
6603
7401
8173
7331
9479
1919
5591
1135
6859
7821
4605
2351
6109
7197
2425
5477
3535
9245
7149
9395
9317
3921
1119
1115
7087
5263
3931
9077
3013
5901
1591
2269
6261
3791
9805
6119
6165
1249
1951
8639
9863
7281
9757
6773
3943
6091
4523
6897
2351
5637
4635
7283
2065
5109
5661
3683
7283
8059
1245
5217
7987
6515
8121
1957
7229
3337
6091
3317
7391
6305
9313
3285
8293
8509
9533
3037
4165
4347
7171
1997
1741
7033
7725
7377
2265
4309
1205
2153
8131
7123
8837
8105
1003
6735
1651
4347
9159
8799
9543
1607
9999
2205
9507
6047
6325
2349
8991
3557
5577
3623
9517
3937
1887
9249
4477
1955
8789
1745
9691
3921
3131
4939
5187
1267
7467
2207
3283
2559
7857
6185
3877
5365
4803
6565
1997
9535
7527
2677
2053
9917
5317
7649
6575
5507
7605
5901
7217
1753
3259
9697
5559
8415
9107
6621
8475
6061
7019
9239
8579
5117
9065
7433
5699
9393
9745
5153
9133
5321
8253
4943
4427
7111
9691
9775
8603
5483
8363
9679
3661
2567
4989
2529
9301
8159
1625
5463
6259
8181
8091
5935
3515
8287
4099
6937
1851
7885
2949
7183
5761
3453
6767
2895
3501
8317
6269
8447
8723
9333
8017
3993
7699
7339
6577
7013
1127
7537
8131
7539
8767
5283
8893
1951
7231
3317
2427
6141
4013
3755
8923
1719
3533
2181
4919
1209
5799
3095
9029
1985
2891
3179
6739
6927
1165
5099
8237
6175
2711
7085
6809
4315
9753
5411
8415
1477
4561
5817
5665
1183
6889
1129
5433
5967
1409
7299
1459
6519
3421
6369
2213
8033
8507
7147
5649
6587
8545
2967
1787
3133
5081
6251
4431
6929
6947
5609
1965
8123
3765
4441
6647
9983
7429
8847
5095
2761
7747
1771
6519
3865
4639
2717
3755
6341
5873
8777
5809
3607
9761
2829
2933
2595
5031
3531
6101
1639
6699
8505
9021
5801
6335
3337
8981
9721
2231
1603
9659
3053
3887
8841
7773
6447
7921
8493
3365
3497
8089
2057
8171
9799
8359
8361
1937
2507
5053
5953
4899
3747
4457
6063
9243
2749
1719
7531
2303
8963
4773
6619
4641
8173
6149
1553
6875
3987
5161
6147
7109
5037
3735
8141
8609
7447
1851
6001
7977
4975
2819
7475
5669
6279
6705
6913
8597
7825
9597
6023
5729
1391
7191
4403
8725
2471
7415
9997
4651
7805
2487
7949
7347
8907
8843
9861
1011
6315
7453
2795
1899
5719
9555
7327
7145
7297
1949
8363
2469
9235
2957
9049
4391
9137
1417
6719
7847
9333
9417
7137
1033
1855
2349
1171
3489
4871
1129
6763
7435
6845
6903
3283
1371
7803
5125